010000000
011100011
000111011
011100010
000001011
010000101
101001000
011100010
100001000
010000000
011100010
100001000
011000000
101001000
011101001
100001000
010000000
011101001
100001000
010000000
011101000
100001000
011000000
011101010
100001000
011010100
101001000
010000000
011100101
011000010
000110111
011100011
010110010
000000111
110000111
011010100
101001000
011000001
000100001
010000000
011100101
011000010
000110111
011100011
011110001
000000111
110000111
011101000
101001000
011101011
100001000
011011000
101101100
000000001
011101000
100001000
011101011
101101100
001110001
011101011
100001000
011100111
101101000
011100111
101101100
000000001
011100111
100001100
011101011
101101100
000111101
011101011
100001100
011101000
101101000
011101011
101101000
000000001
011101000
100001000
011101011
101101100
011100000
011100010
000110111
011100011
010110000
000000111
110000111
011101000
101101000
011000001
000000001
011101000
100001000
011100101
011100010
000110111
011100011
100110000
000000111
110000111
011101000
101101000
011000001
000000001
011101000
100001000
011100011
011100010
000110111
011100011
101110000
000000111
110000111
011101001
101101000
011000001
000000001
011101001
100001000
011010100
101101000
011000001
000000001
011010100
100101000
011101001
101101000
011000001
000000001
011101001
100001000
011011000
101101100
011000111
000110110
011101011
100001000
011011000
101101100
011000001
000110101
011101011
100001000
011100101
011100010
000110111
011100011
001110100
000000111
110000111
011000000
011100010
000110111
011100011
011110100
000000111
110000111
011101001
101101000
011000001
000000001
011101001
100001000
011101010
101101000
011000001
000000001
011101010
100001000
111000000