010001000
100010000
010000000
100010001
100010010
010001111
100010100
010010000
100010101
010000001
100010110
010000000
100011000
100011001
100011010
100011011
100011100
100011101
100011110
100011111
101110010
101110100
001000100
100010111
101111111
101110111
110000010
101110010
101110110
000000100
100010011
101110011
101110101
001000100
100010111
101111110
101110111
110000010
101110010
101100000
101110011
101100001
001000100
100010111
010000000
100011000
101110111
101110110
001000100
100011001
101111001
001001000
100011010
001101000
100010111
010000000
001000100
001101000
100011000
101110111
001101000
100010111
101110000
101111000
000100100
101110001
101111000
000100100
101110011
101110110
000000100
100010011
101110010
101110110
000000100
100010010
010000000
010000000
110100011