010001000
011010000
011001000
100001000
010000000
011001001
100001000
010000000
011010011
011001100
100001000
010001111
011010100
011001101
100001000
010000001
011010010
011001010
100001000
011110011
011001100
101001000
000000010
011001100
100001000
010001111
011110100
011001100
101011000
001001010
110111111
010000001
011010010
000000010
011001100
100001000
011001100
101011000
010010010
011110000
011101010
101011000
001000100
011001011
100001000
010000000
011001110
100001000
010100001
011110010
011101011
101011000
011111010
000100110
011001110
101001000
000000101
011001110
100011000
011111010
110111111
010010010
011110010
011001011
101001000
001100000
011001011
100001000
010010010
011110010
011001110
101001000
001100000
011001011
100001000
011111010
110001101
010010010
011110010
011001110
101001000
010111111
011010000
110111111
010010011
011110011
011001101
101001000
001001010
011110001
011001110
101001000
110001101
010010010
011110010
011001101
101001000
001001010
011110001
011001110
101001000
110111111
010010010
011110010
000000010
011001100
100001000
010010001
011110001
000000010
011001010
100001000
011111001
110001101
010001111
011110100
011001100
101011000
010111111
011110101
110111111
010010011
011110011
000000010
011001100
100001000
011111011
110001101
010010000
011010001
011001000
100001000
011001000
100011000
010000000
010100000
111000000